-3.87699e-19 2.08044e-19
0.0287994 -0.0592758
0.0057115 -0.00680467
-0.0215297 -0.0189529
0.00568168 -0.00673602
-0.0543289 -0.00765523
-0.0194539 -0.0145422
0.0352308 0.0486367
0.0057115 -0.00680467
0.0294928 0.0869754
0.00639718 -0.010588
0.0301085 0.0958393
0.0292531 -0.0578477
0.029401 -0.0584033
0.029401 -0.0584033
0.0288572 -0.0563554
0.028712 -0.0558191
0.0297529 -0.0530385
0.0354057 0.0491086
0.0288572 -0.0563554
0.0299032 -0.0535489
0.0299032 -0.0535489
-0.116612 0.0121107
-0.115565 0.011886
-0.0283586 -0.0218721
-0.0282253 -0.0216483
0.0121483 -0.0259587
0.0184358 -0.0342682
0.0183424 -0.033939
0.0334996 0.114737
-0.0225085 -0.0210665
-0.0224068 -0.0208455
0.0336731 0.0444479
0.011987 0.0353229
0.0120467 0.0356645
0.0289758 0.0899522
-0.0324316 -0.0230537
0.0346039 0.111426
0.0273841 -0.0434565
0.0288427 -0.0455801
0.029305 -0.0422731
-0.0896649 0.0062099
-0.0944218 0.0069351
-0.0787729 0.00417759
-0.0296043 0.00489656
-0.0853276 0.0056127
0.0311484 -0.0709337
-0.0854602 0.00558102
0.0132943 -0.00962161
-0.0320912 -0.0151619
-0.034177 -0.019224
-0.0824769 0.00360571
-0.0208937 -0.0176022
0.0141268 -0.00552087
0.035518 0.11395
0.031516 0.0950663
0.0140437 -0.0257113
0.0263667 -0.0506253
0.0174473 -0.0251814
0.0172405 -0.0246113
0.0175362 -0.0254271
0.0384023 0.146353
0.0173036 -0.0280538
0.0299056 0.0747922
0.0300534 0.0755192
0.029901 0.0973661
0.0300481 0.0983133
0.0267002 0.00443499
0.0291197 0.0359456
0.0268341 0.0044771
0.0267397 0.0134894
0.0263049 -0.00473099
0.0305025 0.0361708
0.0292646 0.0362943
0.026437 -0.00477788
0.026437 -0.00477788
0.026437 -0.00477788
-0.101954 0.00885092
-0.103542 0.00916016
0.0300518 0.0775958
0.0329144 0.0974931
-0.119371 0.0127092
-0.0797614 0.00334945
0.0321612 -0.0183264
0.0238443 -0.0447879
0.0152749 -0.0286256
0.0152119 -0.0229482
0.0147891 -0.0162395
0.0151347 -0.0227265
0.030061 0.0791937
0.0280098 -0.015603
0.0270359 -0.0126324
0.0300955 -0.0159892
0.0271719 -0.0127567
0.0271719 -0.0127567
0.0287579 -0.0145001
0.0289025 -0.014643
0.0297812 0.0849032
-0.0217052 -0.0164182
0.0120028 -0.0253704
0.00933871 -0.00731441
-0.0252628 0.00732829
-0.0251371 0.00725945
0.00956128 -0.00464214
0.0328105 -0.0494495
0.0329755 -0.0499295
0.0368345 -0.0998043
0.0306439 -0.0479379
0.0326007 -0.0492287
-0.108073 0.0100626
-0.108073 0.0100626
-0.108073 0.0100626
-0.107529 0.00995803
0.0330781 -0.0499926
-0.0515322 -0.00685794
-0.0540584 -0.00758095
0.0166889 -0.0288858
0.0179899 -0.0287752
0.0182801 -0.0272191
0.0191696 -0.0282952
0.00613667 -0.00640023
-0.105649 0.00957656
-0.103203 0.00912526
-0.105117 0.00947699
0.0162168 -0.0266366
0.0382405 -0.107153
0.0380483 -0.106147
0.0170929 -0.0273891
0.0168933 -0.0267899
0.0171804 -0.0276571
0.0292241 -0.00602348
0.0292241 -0.00602348
0.0292241 -0.00602348
0.0280593 -0.0055507
0.0246499 -0.0102854
-0.117468 0.0122953
0.02869 -0.00580663
0.02869 -0.00580663
-0.000883085 0.0253446
0.0341484 0.106854
-0.116876 0.0121676
0.0290782 -0.00596416
0.0279192 -0.00549604
0.0245264 -0.0101845
0.028834 -0.00586439
0.028834 -0.00586439
0.0208051 -0.0259213
0.0339813 0.105824
0.0351093 0.119442
-0.0154996 -0.00949028
-0.019242 -0.014188
-0.104521 0.00952052
-0.104521 0.00952052
-0.097981 0.00815631
-0.104873 0.009587
-0.109832 0.0106532
-0.0240332 -0.0184222
-0.0262112 -0.0201733
0.00753611 -0.00707254
0.0200339 -0.0244006
0.0182582 -0.0195437
0.0397495 0.156841
0.0348758 0.109852
0.0307162 -0.0404041
0.0299688 -0.0308143
0.0354057 0.0491086
0.0330962 -0.0193965
0.0304441 -0.0358383
-0.0372745 -0.0231098
-0.0370938 -0.02288
-0.0298851 -0.0225304
-0.0960278 0.00718325
-0.095545 0.0071085
0.0211615 -0.0383796
-0.0774574 0.00403223
-0.0783774 0.0041338
0.0324162 0.0411221
0.0169759 -0.0270293
-0.013045 0.0159516
-0.106681 0.00978533
-0.0240025 0.00566189
-0.0238834 0.00560982
-0.0225085 -0.0210665
0.0206374 -0.0257228
0.0207426 -0.0259765
0.0207426 -0.0259765
-0.0220349 -0.0200392
-0.102924 0.00905086
0.0318758 0.039489
0.029225 0.0630361
0.0290809 0.0624296
0.0329334 -0.0499699
0.0335507 -0.0518056
0.0337194 -0.0523084
0.0337194 -0.0523084
0.0330991 -0.0504549
0.0330991 -0.0504549
-0.117776 0.0123657
0.0322489 0.0403984
-0.000893781 0.025925
0.0301005 -0.0519302
0.0324093 0.0407903
0.0211194 -0.0357984
-0.0964358 0.00783335
0.0149099 -0.0146113
0.0137171 -0.0135191
0.014986 -0.0147565
0.0159005 -0.015319
0.0138823 -0.0138387
0.0139533 -0.0139764
-0.120549 0.012971
-0.119941 0.0128363
0.0312925 0.0380737
0.0317713 0.039447
0.0296834 0.0571373
0.0321569 0.0600391
-0.0143729 -0.00267922
-0.0116595 -0.00466102
-0.0144434 -0.00270901
-0.0168991 -0.00061856
0.00824311 -0.0105225
0.033583 0.044236
0.0288338 0.0890859
0.0239272 -0.0375805
0.0117754 -0.0244549
0.0164564 -0.0254518
0.0168895 -0.0267675
-0.058266 -0.00881302
-0.0579761 -0.00872723
0.0291852 0.0893187
0.0290421 0.0884585
0.0293916 -0.0209038
-0.0216032 0.0035133
-0.0236063 0.00548893
-0.0217106 0.0035446
-0.0193146 0.00145461
0.0143435 -0.00954197
0.0201099 -0.0238864
-0.0341774 -0.0207607
0.011848 0.0345303
0.0291863 0.088178
-0.113614 0.0114642
0.0208055 -0.0146056
-0.0872626 0.00406411
-0.0877021 0.00410663
0.0205472 -0.0250902
0.030783 -0.0444543
0.0209348 -0.0327581
0.0206187 -0.0257525
0.0210106 -0.0267147
0.0211177 -0.0269784
0.0211177 -0.0269784
0.0326606 0.0979388
0.0332884 -0.0816972
0.0353832 -0.0923021
0.0366493 -0.0988661
0.0352053 -0.0914333
0.0320104 -0.0470893
0.0198618 -0.0158848
0.0199623 -0.0160419
0.0199623 -0.0160419
0.0199623 -0.0160419
0.0350008 0.115595
0.0329942 -0.0498587
-0.0985408 0.00818829
-0.102687 0.00899379
0.0321714 -0.0475463
0.0262963 -0.0501368
0.0307835 0.0926778
0.0306326 0.0917851
0.0199324 -0.0237522
0.0132649 -0.0098869
0.0135173 -0.0102597
0.0135863 -0.0103618
0.0135863 -0.0103618
0.0204282 -0.0327249
0.0299646 0.0843041
-0.000967232 -0.00751669
0.0167838 -0.0158261
0.0168691 -0.0159827
0.0299494 -0.0514345
0.0295976 -0.0502844
0.0165405 -0.0257008
0.0135516 -0.011647
-0.0727531 0.00270121
-0.068019 0.00227968
-0.0338749 0.00247274
-0.076513 0.0030466
-0.0731197 0.00272994
-0.0512898 0.00240795
-0.0512898 0.00240795
-0.0515477 0.00243189
-0.0515477 0.00243189
-0.0341214 -0.0222444
-0.0339573 -0.0220211
-0.00732983 -0.0185575
-0.107172 0.00994693
-0.10519 0.00959507
-0.107712 0.0100219
-0.107714 0.0100514
0.0201505 -0.0239322
0.0121577 0.0024412
0.0126441 0.00261552
0.0127084 0.00263812
0.0126441 0.00261552
0.0127084 0.00263812
0.0125084 -0.00324277
0.0342716 0.11766
0.0199334 -0.0235295
-0.08624 0.00396544
0.0148935 -0.00108095
0.0213172 0.00887166
0.0183194 0.00397978
0.0183194 0.00397978
0.0183194 0.00397978
0.0296002 0.0869395
0.0325094 0.11034
0.0182275 0.00394349
0.0182275 0.00394349
0.0182275 0.00394349
0.0249151 0.0188431
0.0264817 0.033868
0.0116307 0.0332968
0.0113365 0.0316381
-0.0315059 -0.0233435
-0.0313567 -0.0231063
0.0300193 0.0825785
-0.0931338 0.00673559
-0.0926656 0.00666544
-0.116632 0.0121164
-0.0347397 -0.0198789
-0.0345706 -0.0196816
0.0374492 0.139007
0.0206089 -0.0292963
0.0302999 -0.0508113
0.0362527 0.129874
0.0326111 -0.0487866
0.033165 -0.0502032
0.0302817 0.0813699
0.0210548 -0.0265288
-0.000866353 0.0244412
0.0330962 -0.0193965
0.0211622 -0.0267906
0.0330305 -0.0497704
-0.0372745 -0.0231098
0.0222221 -0.0310018
0.0202201 -0.0274519
0.0187936 -0.0262
0.0223346 -0.0313023
0.0203226 -0.0277188
0.0223346 -0.0313023
0.0203226 -0.0277188
0.0200563 -0.0283714
0.0239529 -0.023936
-0.0558654 -0.00810708
0.0340061 0.104343
0.0377911 -0.104796
0.0151513 -0.014686
0.0154399 -0.015239
0.0152287 -0.0148319
0.0155188 -0.0153905
0.0152287 -0.0148319
0.0155188 -0.0153905
0.0321934 0.0971264
-0.000898378 0.0261751
0.0173036 -0.0280538
0.034861 0.0476361
0.0346888 0.0471783
0.0216769 -0.0174075
0.0186237 -0.0192412
0.0217867 -0.0175794
0.0244382 -0.0151184
0.0196241 -0.0224303
0.0196222 -0.0228662
0.0330322 -0.0502078
0.0203928 -0.0302824
0.0342939 0.0461085
0.0153349 -0.0220561
0.0331468 -0.0502477
0.0299164 -0.0423472
0.0320504 -0.0478564
0.027382 -0.0357475
0.0325931 -0.0494348
0.030067 -0.0427586
0.0324299 -0.0489595
0.0376012 -0.103811
0.0287967 -0.0183718
0.0312324 -0.0172703
0.0202743 -0.0249721
0.0203776 -0.0252184
0.0326691 0.0708924
0.0121572 -0.00422645
0.0201438 -0.025456
0.0330487 0.0897407
0.0301329 0.0805865
0.0177555 -0.0253769
-0.118867 0.0126008
-0.0201299 -0.0160063
0.025742 -0.0407786
0.0159627 -0.0146706
-0.0364326 -0.0220413
0.0278732 0.0484594
0.0295158 -0.0398493
0.0268241 -0.0320985
0.020106 -0.0247651
0.0361051 0.117718
0.0359287 0.116583
0.0236167 -0.0403617
0.0329104 -0.0498022
-0.0846413 0.00381196
0.0395561 0.155327
0.0320737 0.10375
0.0319167 0.10275
-0.0901179 0.00627533
0.031333 -0.0441303
0.0314907 -0.0445585
0.0326755 -0.0486998
0.0295713 -0.0384259
0.0391061 0.151816
-0.0333007 -0.0226899
-0.0573016 -0.00852818
0.0273117 0.0769117
0.0293481 0.0861378
0.0328758 -0.0191437
-0.0575882 -0.00861198
0.0122109 -0.0262122
0.0350753 0.0482164
0.0325691 -0.0487582
0.0313073 0.104524
0.00654915 -0.00597822
0.0224296 -0.0258956
0.0173267 -0.0157098
0.00236605 -0.00717462
-0.0195449 -0.014695
0.0348204 0.119071
0.0223115 0.0657673
0.0281037 0.0876976
0.0333077 0.107011
0.0172155 -0.027782
0.0329669 0.0808356
0.0314332 0.0484154
-0.0357091 -0.0211203
-0.0355355 -0.0209106
0.0351696 0.118279
0.0328305 0.0422179
-0.00419697 -0.0171173
-0.00731878 -0.0185035
-0.00729517 -0.0183765
-0.00743561 -0.019123
0.0020549 -0.0141932
-0.0074005 -0.0189364
0.00206688 -0.0143337
0.00206688 -0.0143337
0.00206688 -0.0143337
0.00559945 -0.0242089
-0.0103012 -0.019156
-0.112891 0.0112752
-0.119072 0.0126416
-0.113463 0.0113936
-0.119675 0.0127743
-0.119675 0.0127743
-0.119675 0.0127743
-0.119675 0.0127743
-0.119675 0.0127743
0.0322559 0.040727
-0.119195 0.0126741
0.020885 -0.0164531
0.0213202 -0.0168486
0.0295596 -0.015621
0.0291591 -0.0122684
0.0301679 -0.0274972
0.0301658 -0.0238275
0.0299626 -0.0198519
0.0291643 -0.0131893
0.0293108 -0.0133183
0.0293108 -0.0133183
0.0293108 -0.0133183
0.0293108 -0.0133183
0.0289597 -0.0111888
0.0168691 -0.0159827
0.0212977 -0.0163573
0.0216124 -0.017024
0.0217584 -0.0172493
0.0216737 -0.017026
0.0217833 -0.0171945
0.0217833 -0.0171945
0.0217584 -0.0172493
0.0280593 -0.0055507
0.013188 0.00281307
0.0136954 0.00299915
0.0135332 0.00293953
0.0137651 0.00302481
0.0136021 0.00296472
0.0129598 0.00272985
0.0129598 0.00272985
